Dosyalar inceleniyor...
1.0347353219985962
1.0347366
3362156.0
3362156.0
[-2.72669268 -2.72661018 -2.72692847 -2.72674966 -2.72695684 -2.72675109
 -2.72676373 -2.72690916 -2.72665858 -2.72662878 -2.72672415 -2.72712374
 -2.72653866 -2.72681427 -2.72654295 -2.72687006 -2.72678518 -2.72672391
 -2.72665882 -2.72681165 -2.72672749 -2.72665548 -2.72696185 -2.72682309
 -2.72672439 -2.72668886 -2.72677422 -2.72683263 -2.72681737 -2.72695589
 -2.72677708 -2.72686768 -2.72667789]
Kanal0-1 faz farki
[203.7721  203.77682 203.75858 203.7687  203.75694 203.76863 203.76802
 203.75964 203.77396 203.77576 203.77014 203.74731 203.78093 203.76505
 203.78047 203.76187 203.76674 203.77023 203.77402 203.7652  203.77007
 203.77415 203.75664 203.76451 203.77025 203.77213 203.7674  203.76408
 203.76483 203.75687 203.76724 203.76207 203.77287]
Kanal0-2 faz farki
[41.48422  41.45848  41.459846 41.470093 41.451294 41.480995 41.47075
 41.469463 41.44933  41.47146  41.46026  41.467552 41.47766  41.467113
 41.481075 41.453728 41.4546   41.476757 41.474354 41.46605  41.46329
 41.460285 41.45504  41.46922  41.460423 41.477386 41.46187  41.45714
 41.45695  41.476757 41.466324 41.457798 41.475094]
Kanal0-3 faz farki
[317.66162 317.66855 317.64233 317.65295 317.64264 317.66705 317.66373
 317.6463  317.65863 317.65677 317.65182 317.65436 317.66537 317.64795
 317.66742 317.63705 317.64822 317.66275 317.66446 317.67108 317.65085
 317.6526  317.64224 317.6549  317.64743 317.66046 317.65027 317.64426
 317.6447  317.65942 317.6573  317.6458  317.66254]
Kanal0-4 faz farki
[283.16718 283.1628  283.1569  283.165   283.1404  283.16592 283.16586
 283.1615  283.14478 283.16525 283.14078 283.15207 283.16684 283.16223
 283.17624 283.14264 283.15723 283.15405 283.16803 283.158   283.15887
 283.1517  283.14307 283.1554  283.14798 283.1617  283.15677 283.1558
 283.1315  283.15613 283.1596  283.1528  283.1699 ]
Kanal0-5 faz farki
[2.7243438 2.7083883 2.7198358 2.7082791 2.6956842 2.7248356 2.7155192
 2.6911764 2.7124593 2.707569  2.7066126 2.7026784 2.7142897 2.7229776
 2.7085798 2.703826  2.7007658 2.7144809 2.7163389 2.7201636 2.7155464
 2.708607  2.7061481 2.7107654 2.7123773 2.707241  2.7085798 2.6853843
 2.6952198 2.715929  2.710383  2.7154646 2.7084432]
Kanal0-6 faz farki
[157.11841 157.09743 157.10327 157.11043 157.09612 157.1325  157.09885
 157.1006  157.09688 157.11371 157.10486 157.10143 157.11229 157.10136
 157.11284 157.09749 157.10454 157.10934 157.11874 157.09338 157.09901
 157.10443 157.09688 157.1183  157.09584 157.10973 157.09787 157.09721
 157.09787 157.10803 157.09514 157.09874 157.10464]
Kanal0-7 faz farki
[90.996826 91.01013  90.97202  90.99115  90.97382  90.998634 90.99492
 90.97888  90.99306  90.99691  90.98809  90.98645  90.99585  90.979675
 91.00716  90.96432  90.98372  90.99494  90.99604  91.01194  90.98405
 90.98866  90.98194  90.98894  90.98645  90.99164  90.98393  90.984726
 90.976364 90.99473  90.98792  90.98     90.9985  ]
son
